00100100
00000010
00000000
00000101
00000000
00000000
00000000
00001100
10101110
11100010
00000000
00000000
10001110
11110011
00000000
00000000
00100100
00010100
00000000
00000011
00100100
00001000
00000000
00000000
00100100
00001001
00000000
00000000
00100100
00001010
00000000
00000001
00100001
00110000
00000000
00000000
00100001
01010001
00000000
00000000
00000001
00001001
10010000
00100000
00000010
01001010
10010000
00100000
00100010
00001000
00000000
00000000
00100010
00101001
00000000
00000000
00100010
01001010
00000000
00000000
00100010
10010100
00000000
00000001
00010010
10010011
00000000
00000001
00001000
00010000
00000000
00001000
00100010
01010110
00000000
00000000
00100100
00000010
00000000
00001010
00000000
00000000
00000000
00001100
