000001100101 0010110100000111010000101001000001110000
000001100110 0010111000000000000011111110000000000000
000001100111 0010011000000111010000100101000001110001
000001101000 0010100000000111001000100110000001110001
000001101001 0010010100000111000100101010000001110011
000001101010 0010110000000110010100100101000001110101
000001101011 0010011100000111010000100110000001110101
000001101100 0010101100000111010000100101000001110000
000001101101 0010100000000111001000100110000001110000
000001101110 0010011000000111000100101010000001110011
000001101111 0010110000000110010111111111000000000000
000001110000 000000100100 
000001110001 000000100100 
000001110010 000000000001 
000001110011 000000000001 
000001110100 000000000001 
000001110101 000000000000 
