00100100000000100000000000000101
00000000000000000000000000001100
10101110111000100000000000000000
00100100000000100000000000000101
00000000000000000000000000001100
10101110111000100000000000000100
10001110111101000000000000010000
10001110111100000000000000000000
01110010100100001010000000000010
10101110111101000000000000010000
10001110111100010000000000000100
10001110111100100000000000001000
00000010001100101000100000100010
10101110111100010000000000000100
10001110111100110000000000001100
00010010001100110000000000000001
00001000000100000000000000000110
10001110111101010000000000010100
10001110111101000000000000010000
00000010101101001010100000100000
10101110111101010000000000010100
10001110111101100000000000011000
00100010110101000000000000000000
10101110111101000000000000010000
10001110111100000000000000000000
10001110111100100000000000001000
00000010000100101000000000100010
10101110111100000000000000000000
10101110111100000000000000000100
10001110111100110000000000001100
00010010011100000000000000000001
00001000000100000000000000000110
10001110111101100000000000010100
00100100000000100000000000001010
00000000000000000000000000001100
