00100100000000100000000000000101
00000000000000000000000000001100
10101110111000100000000000000000
00100100000000100000000000000101
00000000000000000000000000001100
10101110111000100000000000000100
00100100000000100000000000000101
00000000000000000000000000001100
10101110111000100000000000001000
10001110111100000000000000001000
00010110000101100000000000000000
10001110111100010000000000000000
10001110111100100000000000000100
10001110111100110000000000001100
00000010011100011001100000100000
10101110111100110000000000001100
00100100000010000000000000000001
00000010000010001000000000100010
10101110111100000000000000001000
01110010001100101000100000000010
10101110111100010000000000000000
00010010000101100000000000000001
00001000000100000000000000001011
10001110111101100000000000001100
00100100000000100000000000001010
00000000000000000000000000001100
