00100100000000100000000000000101
00000000000000000000000000001100
10101110111000100000000000000000
10001110111100110000000000000000
00100100000101000000000000000011
00100100000010000000000000000000
00100100000010010000000000000000
00100100000010100000000000000001
00100001001100000000000000000000
00100001010100010000000000000000
00000001000010011001000000100000
00000010010010101001000000100000
00100010000010000000000000000000
00100010001010010000000000000000
00100010010010100000000000000000
00100010100101000000000000000001
00010010100100110000000000000001
00001000000100000000000000001000
00100010010101100000000000000000
00100100000000100000000000001010
00000000000000000000000000001100
